[2828.999422, 7706.274392],
[2828.99962, 7706.275064],
[2828.999848, 7706.275958],
[2828.999824, 7706.276918],
[2829.000298, 7706.277638],
[2829.000466, 7706.278496],
[2829.00034, 7706.279858],
[2829.000088, 7706.281082],
[2828.99986, 7706.282522],
[2828.999296, 7706.284082],
[2828.998384, 7706.285954],
[2828.99749, 7706.287646],
[2828.99683, 7706.289668],
[2828.996236, 7706.291828],
[2828.996122, 7706.294516],
[2828.995888, 7706.296904],
[2828.995672, 7706.298614],
[2828.99494, 7706.300504],
[2828.994502, 7706.302154],
[2828.99443, 7706.303846],
[2828.994382, 7706.305016],
[2828.994178, 7706.306162],
[2828.994292, 7706.30777],
[2828.994256, 7706.309576],
[2828.99401, 7706.310734],
[2828.993902, 7706.312558],
[2828.99425, 7706.314442],
[2828.994346, 7706.316932],
[2828.994466, 7706.319146],
[2828.994472, 7706.321546],
[2828.99434, 7706.32406],
[2828.994088, 7706.326184],
[2828.993608, 7706.327738],
[2828.993224, 7706.329304],
[2828.992708, 7706.331074],
[2828.99209, 7706.33387],
[2828.99188, 7706.336774],
[2828.991736, 7706.339876],
[2828.991508, 7706.342468],
[2828.99119, 7706.344484],
[2828.990908, 7706.346764],
[2828.990734, 7706.348816],
[2828.990482, 7706.350616],
[2828.990194, 7706.352362],
[2828.989858, 7706.35373],
[2828.989492, 7706.355212],
[2828.988988, 7706.357192],
[2828.988652, 7706.359388],
[2828.988346, 7706.361374],
[2828.988184, 7706.363378],
[2828.987812, 7706.365046],
[2828.986906, 7706.366684],
[2828.985892, 7706.368418],
[2828.98495, 7706.370188],
[2828.983876, 7706.371754],
[2828.982748, 7706.373164],
[2828.981332, 7706.374568],
[2828.980264, 7706.37599],
[2828.979046, 7706.37725],
[2828.97769, 7706.378534],
[2828.976106, 7706.379434],
[2828.974768, 7706.380142],
[2828.973292, 7706.381006],
[2828.971798, 7706.382044],
[2828.970118, 7706.383046],
[2828.968636, 7706.38397],
[2828.967172, 7706.385044],
[2828.965588, 7706.38568],
[2828.96422, 7706.38532],
[2828.96352, 7706.38506],
[2828.96302, 7706.385225],
[2828.96252, 7706.38539],
[2828.96152, 7706.38572],
[2828.96057, 7706.386005],
[2828.95932, 7706.386375],
[2828.95752, 7706.38704],
[2828.95702, 7706.38732],
[2828.95632, 7706.38764],
[2828.95582, 7706.38764],
[2828.95482, 7706.38769],
[2828.95452, 7706.38772],
[2828.95379, 7706.388],
[2828.953182, 7706.388315],
[2828.952524, 7706.38853],
[2828.9514425, 7706.37748],
[2828.95, 7706.37343],
[2828.949546, 7706.37193],
[2828.949085, 7706.37103],
[2828.948585, 7706.37043],
[2828.9478031, 7706.3696815],
[2828.94700581, 7706.36803],
[2828.94710546, 7706.36408],
[2828.94718, 7706.356388],
[2828.946832, 7706.35577],
[2828.946442, 7706.354978],
[2828.94604, 7706.354108],
[2828.945908, 7706.353262],
[2828.946208, 7706.352242],
[2828.945956, 7706.351312],
[2828.945716, 7706.350472],
[2828.945572, 7706.34971],
[2828.945512, 7706.349032],
[2828.94529, 7706.34821],
[2828.945122, 7706.347376],
[2828.945134, 7706.346608],
[2828.944936, 7706.345792],
[2828.94481, 7706.345174],
[2828.944516, 7706.344334],
[2828.943964, 7706.343596],
[2828.943664, 7706.342726],
[2828.943424, 7706.34209],
[2828.943496, 7706.341196],
[2828.9434, 7706.340272],
[2828.943226, 7706.339588],
[2828.943076, 7706.338796],
[2828.942962, 7706.338028],
[2828.94283, 7706.337422],
[2828.942848, 7706.336804],
[2828.942896, 7706.336024],
[2828.942716, 7706.335232],
[2828.942542, 7706.334626],
[2828.942512, 7706.33408],
[2828.942392, 7706.3333],
[2828.942116, 7706.3327],
[2828.942056, 7706.33201],
[2828.941942, 7706.331458],
[2828.941852, 7706.33093],
[2828.942362, 7706.330222],
[2828.94292, 7706.329334],
[2828.94319, 7706.32835],
[2828.943232, 7706.327342],
[2828.942986, 7706.326232],
[2828.94295, 7706.325458],
[2828.9431, 7706.324738],
[2828.943334, 7706.323952],
[2828.943208, 7706.322992],
[2828.94304, 7706.322296],
[2828.943022, 7706.321528],
[2828.94259, 7706.320628],
[2828.94244, 7706.319848],
[2828.942284, 7706.319206],
[2828.941936, 7706.318468],
[2828.941846, 7706.317586],
[2828.94166, 7706.316776],
[2828.942188, 7706.315804],
[2828.942056, 7706.315246],
[2828.942392, 7706.31452],
[2828.942356, 7706.31398],
[2828.942182, 7706.313236],
[2828.94214, 7706.312504],
[2828.94205, 7706.312012],
[2828.941912, 7706.31161],
[2828.941678, 7706.311472],
[2828.941534, 7706.311124],
[2828.941462, 7706.311004],
[2828.941462, 7706.311004],
[2828.941462, 7706.311004],
[2828.941462, 7706.311004],
[2828.941462, 7706.311004],
[2828.941462, 7706.311004],
[2828.941462, 7706.311004],
[2828.941462, 7706.311004],
[2828.941462, 7706.311004],
[2828.941462, 7706.311004],
[2828.941462, 7706.311004],
[2828.941462, 7706.311004],
[2828.941462, 7706.311004],
[2828.941462, 7706.311004],
[2828.941462, 7706.311004],
[2828.941462, 7706.311004],
[2828.941462, 7706.311004],
[2828.941996, 7706.31185],
[2828.94175, 7706.312198],
[2828.941696, 7706.312564],
[2828.941582, 7706.313128],
[2828.941486, 7706.313452],
[2828.941432, 7706.313674],
[2828.941348, 7706.31386],
[2828.941264, 7706.314016],
[2828.941318, 7706.314094],
[2828.941318, 7706.314094],
